3
1
22
1
1
3
6
7
15
0
12
8
18
14
15
14
26
25
55
83
64
103
37
121
70
160
100
37
227
146
0
601
545
516
529
701
489
573
565
809
875
846
759
1248
1034
883
1060
922
2013
1250
924
1541
0
1290
1669
1408
1836
1607
1561
1873
1738
1801
2394
2442
2806
3932
2963
3587
3364
3344
3113
0
4353
3607
3524
3763
3942
3787
4864
5050
4630
6147
5553
6198
6568
6629
7113
6414
5843
7293
0
7300
8105
8336
8782
7761
8821
9633
9889
9471
10438
10864
8442
8852
12375
11128
11320
12023
0
11157
10243
11135
13103
13827
14721
15915
15183
